1013148-2-GWY_mask.png
7302330
1037380
0
0
0
1021496-3-LYY_mask.png
13491939
1745337
0
0
285736
1022963-2-MQY_mask.png
16827408
2374905
24144
294033
285736
1038818-4-G-SSN_mask.png
23460683
3465746
663084
294033
285736
1013148-3-GWY_mask.png
30766020
4500119
663084
294033
285736
1049802-4-LYY_mask.png
35489356
4899219
876747
294033
285736
1006812-4--lyy_mask.png
37281601
5212173
1081833
294033
285736
1045770-2-SSN_mask.png
40727576
5306693
1081833
505690
285736
1038800-2-ZC_mask.png
43260569
5729246
1152648
505690
478036
1016172-2-LYY_mask.png
48992846
5982169
1152648
505690
478036
1008778-2-WYP_mask.png
53015288
6620719
1152648
505690
478036
1027513-2-SNN_mask.png
56775474
7533663
1152648
505690
478036
1038818-1-G-SSN_mask.png
62733803
8758636
1152648
505690
478036
1071203-1-MQY_mask.png
70678991
9911482
1343300
505690
478036
1016172-4-LYY_mask.png
76082207
9911482
1343300
505690
1442592
1011955-3-MQY_mask.png
81421211
10012512
1888466
505690
1442592
1048713-3-MQY_mask.png
88979019
11826424
2733708
505690
1442592
1065880-2-LYY_mask.png
92152830
12323481
2814992
505690
1442592
1049809-3-ZC_mask.png
98993580
12543436
2956951
505690
1442592
1038800-1-ZC_mask.png
101681983
13073694
2956951
505690
1442592
1024580-1-LYY_mask.png
109966413
15006226
2956951
505690
1442592
1011955-4-MQY_mask.png
116124763
16154976
2956951
505690
1442592
1049802-3-LYY_mask.png
120401214
16974226
3197349
505690
1442592
1071194-2-YN_mask.png
126156736
17700614
4149064
505690
1442592
1052305-3-YN_mask.png
138834063
18815817
5833188
505948
1442592
1038818-2-G-SSN_mask.png
144479480
19160111
5833188
1949862
1442592
1013141-2-LYY_mask.png
150319828
19687535
5833188
1949862
1442592
1038800-3-ZC_mask.png
156656698
20533967
5833188
1949862
1442592
1013130-2-LYY_mask.png
163698898
21445712
5833188
1949862
1442592
1021496-6-LYY_mask.png
168631632
21499588
6036758
2760482
1442592
1045781-3-SSN_mask.png
175752961
22618360
6569593
2760482
1442592
1008778-1-WYP_mask.png
180137009
23556545
6569593
2760482
1442592
1013141-1-LYY_mask.png
185415697
24645629
6569593
2760482
1442592
1009271-1-WYP_mask.png
192728593
25672443
6569593
2760482
1442592
1022963-1-MQY_mask.png
195312409
25672443
6608408
2824297
1442592
1024580-3-LYY_mask.png
200196501
25760110
6657238
3804508
1442592
1013130-1-LYY_mask.png
207306986
26603570
6657238
3804508
1442592
1019278-3-YJP_mask.png
211208761
26767580
7913686
3804508
1442592
1019278-2-YJP_mask.png
215547802
27693254
7971204
3804508
1442592
1055044-2-ZC_mask.png
220025573
28350777
8427270
3804508
1442592
1049802-2-LYY_mask.png
226171879
28857659
8957384
3804508
1442592
1021496-9-LYY_mask.png
236219715
29101836
8957384
3843597
2252929
1055039-2-ZC_mask.png
241010822
29158807
9700666
3843597
2252929
1011955-5-MQY_mask.png
244609659
29831614
9700666
3843597
2252929
1006812-2--lyy_mask.png
248047132
30452223
9700666
3843597
2252929
1006812-3--lyy_mask.png
251238630
31318807
9700666
3843597
2252929
1013148-7-GWY_mask.png
258523418
33296767
9700666
3843597
2252929
1013148-5-GWY_mask.png
266143762
34016133
9700666
3843597
2252929
1021496-8-LYY_mask.png
269583921
34016133
9700666
4653070
2295766
1009271-3-WYP_mask.png
274535658
35432168
9700666
4653070
2295766
1016172-3-LYY_mask.png
284743170
35813228
9700666
4653070
2817502
1067852-2-SNN_mask.png
293272905
36478517
10025801
4653070
2817502
1027513-1-SNN_mask.png
296911856
37512696
10025801
4653070
2817502
1016172-6-LYY_mask.png
303164574
38366503
10025801
4709071
2817502
1011955-2-MQY_mask.png
308842220
39334145
10025801
4709071
2817502
1013141-3-LYY_mask.png
314173978
40370159
10025801
4709071
2817502
1019278-1-YJP_mask.png
318611738
40895842
10384591
4709071
2817502
1004697-2_mask.png
322274601
41686665
10384591
4709071
2817502
1024580-2-LYY_mask.png
331962314
42359214
10384591
4709071
2817502
1013148-6-GWY_mask.png
339284278
43376960
10384591
4709071
2817502
1011955-1-MQY_mask.png
343690850
44292621
10384591
4709071
2817502
1013148-1-GWY_mask.png
349292678
45058565
10384591
4709071
2817502
1013141-4-LYY_mask.png
354589619
46129396
10384591
4709071
2817502
1048713-2-MQY_mask.png
366042276
47782962
11052478
4709071
2817502
